Power_mW	Cell.size_um2	target_cell_induction	neighborings_induction	local_cells_induction	cell_death
7	795.596	1	1	1	0
7	4114.929	0	0	0	0
7	616.055	1	0	1	0
7	898.276	1	1	1	0
7	3532.208	0	0	0	0
7	3364.966	0	0	0	0
13	1076.049	0	1	1	0
13	3393.776	0	1	1	0
6.5	1140.923	0	0	0	0
6.5	2478.469	1	0	1	0
6.5	1949.103	0	0	0	0
6.5	3203.783	0	0	0	0
12	2305.949	1	1	1	0
12	2669.684	1	1	1	0
12	1654.869	1	1	1	0
12	2841.139	NA	NA	NA	1
6	1129.352	1	0	1	0
6	1905.03	0	0	0	0
6	986.187	0	0	0	0
6	2952.113	0	0	0	0
11	1391.526	1	1	1	0
11	2330.676	1	1	1	0
11	2967.376	1	1	1	0
11	2525.688	0	1	1	0
5.5	988.579	0	0	0	0
5.5	2592.096	0	0	0	0
5.5	1942.681	0	0	0	0
5.5	2056.75	0	0	0	0
5.5	1636.07	0	0	0	0
5.5	3108.097	0	0	0	0
10	1812.647	0	1	1	0
10	2886.485	1	1	1	0
10	2610.765	1	1	1	0
10	2384.161	0	1	1	0
7.5	1555.777	0	0	0	0
7.5	2641.577	0	0	0	0
7.5	2568.98	0	0	0	0
7.5	1581.675	0	0	0	0
7.5	2127.864	1	0	1	0
7.5	2828.008	1	0	1	0
7.5	2658.66	1	0	1	0
7.5	2065.278	1	0	1	0
7.5	3004.065	0	0	0	0
7.5	2949.487	1	0	1	0
7.5	2643.423	0	0	0	0
7.5	2330.156	1	0	1	0
7.5	1064.426	1	0	1	0
7.5	2837.681	1	0	1	0
7.5	2200.564	0	0	0	0
7.5	3222.894	0	0	0	0
7.5	1922.504	0	0	0	0
8	1055.065	1	1	1	0
8	2964.1	0	0	0	0
8	3177.781	0	0	0	0
8	3493.258	0	0	0	0
8	4180.609	0	0	0	0
8	3800.284	0	0	0	0
8	3125.882	0	0	0	0
8	3494.688	0	1	1	0
8	2073.417	0	1	1	0
8	1335.908	0	0	0	0
8	3594.118	0	0	0	0
8	3256.28	0	0	0	0
8	2735.442	0	0	0	0
8	2690.954	0	0	0	0
8	3687.411	0	0	0	0
8	2906.351	1	1	1	0
8	3018.755	0	0	0	0
8	1576.605	1	1	1	0
8	3131.238	0	0	0	0
8	3055.522	0	0	0	0
8	2651.301	0	0	0	0
8	2850.759	0	0	0	0
8	3442.321	0	0	0	0
9	871.832	1	1	1	0
9	1952.665	0	0	0	0
9	3039.193	0	0	0	0
9	3727.584	0	0	0	0
9	2356.704	0	0	0	0
9	1311.025	1	0	1	0
9	2130.906	1	0	1	0
9	4441.873	1	0	1	0
9	3805.589	0	0	0	0
9	2745.999	1	0	1	0
9	3514.475	0	0	0	0
9	3037.945	0	0	0	0
9	1274.727	1	0	1	0
9	1766.676	0	0	0	0
9	2746.649	0	1	1	0
9	1778.741	0	0	0	0
9	3403.345	0	0	0	0
9	2919.481	1	1	1	0
9	3197.802	0	0	0	0
9	1495.87	0	0	0	0
9	1871.592	0	1	1	0
9	2823.198	0	0	0	0
9	1634.536	1	0	1	0
9	3512.421	0	1	1	0
9	2914.489	0	0	0	0
9	3118.315	0	0	0	0
9	3714.297	0	1	1	0
9	3567.83	1	1	1	0
8.5	1948.635	1	1	1	0
8.5	2463.154	1	0	1	0
8.5	2887.214	0	0	0	0
8.5	4599.884	0	0	0	0
8.5	3568.038	1	0	1	0
8.5	3990.408	0	0	0	0
8.5	4155.362	0	0	0	0
8.5	3197.23	0	0	0	0
8.5	3531.74	0	0	0	0
8.5	889.903	1	0	1	0
8.5	2533.592	0	0	0	0
8.5	2775.563	0	0	0	0
8.5	3046.889	0	0	0	0
8.5	3967.032	0	0	0	0
8.5	2225.656	0	0	0	0
8.5	1200.648	1	1	1	0
8.5	3611.019	0	1	1	0
9.5	823.387	1	1	1	0
9.5	1418.615	1	0	1	0
9.5	1189.386	1	0	1	0
9.5	4450.219	0	0	0	0
9.5	2192.476	0	0	0	0
9.5	1423.83	0	0	0	0
9.5	1671.306	1	1	1	0
9.5	1172.966	0	0	0	0
9.5	638.259	1	0	1	0
9.5	1908.927	0	0	0	0
9.5	1337.121	1	0	1	0
9.5	4842.739	0	0	0	0
9.5	1816.553	0	1	1	0
9.5	1370.354	0	0	0	0
9.5	1495.174	0	0	0	0
9.5	928.752	0	1	1	0
9.5	892.609	1	1	1	0
9.5	1271.653	0	1	1	0
9.5	1451.342	1	0	1	0
10.5	1246.269	NA	NA	NA	1
10.5	3167.377	1	1	1	0
10.5	3885.627	0	1	1	0
10.5	5554.924	1	1	1	0
10.5	4899.521	0	1	1	0
10.5	4208.945	0	0	0	0
10.5	2375.823	NA	NA	NA	1
10.5	4224.789	1	1	1	0
10.5	3707.966	1	1	1	0
10.5	2537.218	1	1	1	0
10.5	2405.926	0	0	0	0
10.5	3562.626	0	0	0	0
10.5	2913.349	0	1	1	0
10.5	2477.54	0	0	0	0
10.5	4340.448	0	1	1	0
10.5	2833.496	0	1	1	0
10.5	2619.606	0	1	1	0
10.5	5039.263	1	1	1	0
10.5	3379.683	1	1	1	0
10.5	1851.818	NA	NA	NA	1
10.5	1921.636	1	1	1	0
10.5	2891.801	1	1	1	0
10.5	3981.851	0	0	0	0
10.5	2746.144	1	1	1	0
10.5	3329.934	0	0	0	0
10.5	2252.876	0	0	0	0
10	1531.31	NA	NA	NA	1
10	2170.142	1	0	1	0
10	2531.096	0	0	0	0
10	1475.069	0	1	1	0
10	2496.878	0	0	0	0
10	5288.406	0	0	0	0
10	4040.929	0	1	1	0
10	6056.18	1	1	1	0
10	3034.59	1	1	1	0
10	3803.093	0	0	0	0
10	1968.5	1	1	1	0
10	3139.871	1	1	1	0
10	5816.966	1	1	1	0
10	6297.474	0	0	0	0
10	3181.005	0	0	0	0
10	7206.385	1	1	1	0
10	4450.609	0	0	0	0
10	3871.113	1	0	1	0
11	744.339	NA	NA	NA	1
11	2731.885	1	1	1	0
11	4976.205	NA	NA	NA	1
11	2404.236	NA	NA	NA	1
11	2196.894	NA	NA	NA	1
11	2729.139	NA	NA	NA	1
11	3231.491	0	1	1	0
11	3147.731	0	1	1	0
11	2381.104	NA	NA	NA	1
11	2752.165	NA	NA	NA	1
11	3641.422	1	1	1	0
11	4481.458	0	1	1	0
11	3787.501	0	1	1	0
11	2007.72	1	1	1	0
11	2866.029	0	1	1	0
11	2511.446	0	1	1	0
11	4826.112	0	1	1	0
11	3541.712	0	1	1	0
11	4260.701	0	0	0	0
11	3045.803	0	1	1	0
11	4696.51	0	0	0	0
11	4735.908	0	1	1	0
11	3263.707	0	1	1	0
11	4604.088	1	1	1	0
11	5882.996	1	1	1	0
11	4001.075	0	1	1	0
11	2209.464	NA	NA	NA	1
11	5193.053	0	1	1	0
11.5	2110.731	0	1	1	0
11.5	4505.989	0	1	1	0
11.5	2631.647	1	1	1	0
11.5	3137.775	0	1	1	0
11.5	2039.038	0	1	1	0
12	1530.374	1	1	1	0
12	4992.815	0	1	1	0
12	2053.06	NA	NA	NA	1
12	3838.941	1	1	1	0
12	5230.392	0	1	1	0
12	4457.639	0	1	1	0
12	3091.459	1	1	1	0
12.5	2988.554	NA	NA	NA	1
12.5	2543.265	0	1	1	0
12.5	3436.879	0	1	1	0
12.5	3568.198	0	1	1	0
12.5	3604.4	0	1	1	0
12.5	3250.478	NA	NA	NA	1
12.5	2757.394	1	1	1	0
12.5	3050.45	0	1	1	0
12.5	2924.968	0	1	1	0
12.5	4193.973	0	1	1	0
12.5	4352.067	1	1	1	0
12.5	1732.409	0	1	1	0
12.5	2175.928	NA	NA	NA	1
12.5	2400.988	0	1	1	0
12.5	1829.557	NA	NA	NA	1
12.5	2918.736	1	1	1	0
12.5	2810.945	1	1	1	0
12.5	3369.755	0	1	1	0
12.5	3159.297	1	1	1	0
13	1500.007	NA	NA	NA	1
13	3385.572	1	1	1	0
13	2482.425	1	1	1	0
13	5041.138	0	1	1	0
13	3005.956	0	0	0	0
13	2862.622	1	1	1	0
13	1723.853	1	1	1	0
13	5933.643	0	1	1	0
13	4410.372	0	1	1	0
13	4679.135	0	1	1	0
13	3993.391	0	1	1	0
13	2905.137	0	1	1	0
13	965.729	NA	NA	NA	1
13	3099.196	1	1	1	0
13	2758.608	0	1	1	0
13	2080.918	0	1	1	0
13	2524.543	NA	NA	NA	1
13	2917.6	0	1	1	0
13	3440.814	0	1	1	0
13	1093.879	NA	NA	NA	1
13	3899.702	0	1	1	0
13	3034.976	0	1	1	0
13	1653.163	0	1	1	0
13	2104.129	NA	NA	NA	1
13	2652.825	1	1	1	0
13	2713.506	0	1	1	0
13	2519.104	NA	NA	NA	1
13	1703.652	0	1	1	0
13.5	2797.927	0	1	1	0
13.5	3743.086	0	1	1	0
13.5	3644.828	0	1	1	0
13.5	4007.65	0	1	1	0
13.5	3694.261	0	1	1	0
13.5	2768.141	1	1	1	0
13.5	2977.146	1	1	1	0
13.5	3588.372	1	1	1	0
13.5	4427.853	1	1	1	0
13.5	2856.707	0	1	1	0
13.5	2575.349	NA	NA	NA	1
13.5	3461.78	0	1	1	0
13.5	3048.76	0	1	1	0
13.5	2317.386	1	1	1	0
13.5	3443.27	0	1	1	0
13.5	4371.291	0	1	1	0
13.5	2471.863	0	1	1	0
13.5	1705.897	0	1	1	0
13.5	3324.705	0	1	1	0
13.5	3401.468	0	1	1	0
13.5	3186.574	0	1	1	0
13.5	2906.774	0	1	1	0
13.5	2149.759	NA	NA	NA	1
13.5	3204.267	NA	NA	NA	1
13.5	4947.211	1	1	1	0
13.5	3702.236	1	1	1	0
14	1112.733	NA	NA	NA	1
14	3885.759	1	1	1	0
14	3820.588	1	1	1	0
14	2128.898	NA	NA	NA	1
14	2935.741	1	1	1	0
14	5010.137	1	1	1	0
14	2994.997	NA	NA	NA	1
14	1665.627	NA	NA	NA	1
14	3939.707	1	1	1	0
14	2323.248	0	1	1	0
14	4118.398	0	1	1	0
14	2443.502	0	1	1	0
14	1394.831	NA	NA	NA	1
14	3056.893	0	1	1	0
14	3409.073	NA	NA	NA	1
14	1638.244	1	1	1	0
14	2830.407	0	1	1	0
14	3845.701	0	1	1	0
14	2466.001	0	1	1	0
14	2236.53	0	1	1	0
14	3617.973	0	1	1	0
14	4485.841	0	1	1	0
14	4133.978	0	1	1	0
14	3906.435	NA	NA	NA	1
12	933.778	NA	NA	NA	1
12	3203.738	1	1	1	0
12	4232.711	0	0	0	0
12	4905.515	0	0	0	0
12	3411.397	0	1	1	0
12	937.026	NA	NA	NA	1
12	3810.369	1	0	1	0
12	4967.227	0	1	1	0
12	3015.884	0	1	1	0
12	3946.52	0	1	1	0
12	3299.778	0	1	1	0
12	623.98	1	1	1	0
12	4720.249	0	1	1	0
12	3180.58	1	0	1	0
12	3581.189	0	1	1	0
12	2764.285	0	1	1	0
11.5	2957.553	0	1	1	0
11.5	2936.93	1	1	1	0
11.5	4164.662	1	1	1	0
11.5	3041.314	1	1	1	0
11.5	2154.539	1	1	1	0
11.5	3321.563	0	1	1	0
11.5	4326.664	1	1	1	0
11.5	3782.511	0	1	1	0
11.5	2477.223	0	1	1	0
11.5	4449.427	0	1	1	0
11.5	1172.306	1	1	1	0
11.5	2916.835	0	0	0	0
11.5	4896.406	0	1	1	0
11.5	4071.157	0	1	1	0
11.5	4595.823	0	1	1	0
11.5	2978.52	0	1	1	0
11.5	1951.052	1	1	1	0
11.5	3864.977	0	1	1	0
11.5	2487.284	0	1	1	0
7	2033.017	0	0	0	0
7	2838.989	0	0	0	0
7	765.095	0	0	0	0
7	3213.984	0	0	0	0
7	2983.325	0	0	0	0
7	3929.593	0	0	0	0
7	2967.508	0	0	0	0
7	843.468	0	0	0	0
7	5525.825	0	0	0	0
7	4096.191	0	0	0	0
7	4379.662	0	0	0	0
7	4861.444	0	0	0	0
7	2822.643	0	0	0	0
7	980.887	0	0	0	0
7	2491.456	0	0	0	0
7	2659.611	0	0	0	0
7	4849.218	0	0	0	0
7	4492.311	0	0	0	0
7	4739.605	0	0	0	0
7	4282.777	0	0	0	0
7	4155.71	0	0	0	0
7	1063.565	0	0	0	0
7	3606.275	0	0	0	0
7	3152.352	0	0	0	0
7	3257.898	0	0	0	0
7	2209.068	0	0	0	0
7	3319.583	0	0	0	0
7	870.06	0	0	0	0
7	3038.118	0	0	0	0
7	3324.072	0	0	0	0
7	3518.395	0	0	0	0
7	2954.173	0	0	0	0
7	3667.379	0	0	0	0
6	690.814	0	0	0	0
6	3422.092	0	0	0	0
6	491.5	0	0	0	0
6	3074.189	0	0	0	0
6	3035.108	0	0	0	0
6	2538.618	0	0	0	0
6	3549.396	0	0	0	0
6	4352.358	0	0	0	0
6	1788.073	0	0	0	0
7.5	1679.411	1	0	1	0
7.5	3669.809	0	0	0	0
7.5	5700.185	0	0	0	0
7.5	4329.595	0	0	0	0
7.5	1268.319	0	0	0	0
7.5	3979.607	0	0	0	0
7.5	4686.608	0	0	0	0
7.5	4983.361	0	0	0	0
7.5	1616.195	1	0	1	0
7.5	3849.82	0	0	0	0
7.5	6282.707	0	0	0	0
7.5	2887.629	0	0	0	0
7.5	1139.271	0	0	0	0
7.5	4354.496	0	0	0	0
7.5	1184.241	1	0	1	0
7.5	3221.298	0	0	0	0
7.5	2191.93	0	0	0	0
7.5	3293.414	0	0	0	0
7.5	1175.791	0	0	0	0
7.5	3195.5	0	0	0	0
7.5	3653.12	0	0	0	0
7.5	2912.398	0	0	0	0
7.5	2597.451	0	0	0	0
8	1130.636	1	0	1	0
8	1983.083	0	0	0	0
8	2014.163	0	0	0	0
8	2543.714	0	0	0	0
8	3667.274	0	0	0	0
8	2488.868	0	0	0	0
8	2645.986	0	0	0	0
8	938.689	1	0	1	0
8	2194.28	0	0	0	0
8	4227.43	0	0	0	0
8	2291.191	0	0	0	0
8	3878.735	0	0	0	0
8	2909.758	0	0	0	0
8	752.024	1	1	1	0
8	2975.087	0	0	0	0
8	3846.625	0	0	0	0
8	3466.137	0	0	0	0
8	2496.051	0	0	0	0
8	1803.758	0	0	0	0
8	2981.371	0	0	0	0
8.5	941.673	1	0	1	0
8.5	4389.96	0	0	0	0
8.5	3488.82	1	0	1	0
8.5	3681.824	0	0	0	0
8.5	789.124	1	1	1	0
8.5	2322.826	0	1	1	0
8.5	3549.238	0	0	0	0
8.5	2265.63	1	0	1	0
8.5	2528.504	0	0	0	0
8.5	1079.646	1	1	1	0
8.5	2396.024	0	0	0	0
8.5	2840.573	0	0	0	0
8.5	2592.698	0	0	0	0
8.5	852.288	1	1	1	0
8.5	2834.13	0	1	1	0
8.5	2380.154	0	0	0	0
8.5	2450.5	0	0	0	0
15	3023.965	0	1	1	0
15	3818.529	0	1	1	0
15	3921.434	0	1	1	0
16	3406.565	0	1	1	0
16	5082.807	0	1	1	0
16	3309.839	0	1	1	0
17	5075.915	NA	NA	NA	1
17	2955.282	0	1	1	0
17	2686.466	NA	NA	NA	1
18	3261.779	NA	NA	NA	1
18	3498.01	0	1	1	0
18	3144.377	0	1	1	0
19	3949.504	NA	NA	NA	1
19	4271.343	NA	NA	NA	1
19	3488.609	NA	NA	NA	1
20	3949.556	NA	NA	NA	1
20	3054.253	NA	NA	NA	1
20	3902.923	NA	NA	NA	1
18	2839.702	NA	NA	NA	1
18	3437.434	NA	NA	NA	1
18	5142.116	NA	NA	NA	1
18	3190.324	NA	NA	NA	1
18	3873.322	NA	NA	NA	1
18	3086.838	NA	NA	NA	1
19	3535.11	NA	NA	NA	1
19	2751.69	NA	NA	NA	1
19	2655.571	NA	NA	NA	1
19	3835.64	NA	NA	NA	1
19	2705.268	NA	NA	NA	1
19	4632.95	NA	NA	NA	1
20	4095.108	NA	NA	NA	1
20	3939.522	NA	NA	NA	1
20	2011.021	NA	NA	NA	1
20	2993.069	NA	NA	NA	1
20	2578.306	NA	NA	NA	1
20	3666.138	NA	NA	NA	1
15	3321.484	NA	NA	NA	1
15	4894.689	0	1	1	0
15	6176.026	0	1	1	0
15	4760.73	NA	NA	NA	1
15	4399.149	NA	NA	NA	1
15	3125.682	0	1	1	0
16	3032.283	NA	NA	NA	1
16	2020.923	NA	NA	NA	1
16	1971.808	NA	NA	NA	1
16	1387.543	0	1	1	0
16	3831.547	1	1	1	0
16	3290.509	0	1	1	0
17	2637.72	NA	NA	NA	1
17	3154.94	NA	NA	NA	1
17	2585.41	NA	NA	NA	1
17	2372.839	NA	NA	NA	1
17	3415.411	NA	NA	NA	1
17	3512.533	NA	NA	NA	1
12.5	1032.854	NA	NA	NA	1
12.5	3020.426	0	1	1	0
13.5	3712.349	0	1	1	0
13.5	2986.415	0	1	1	0
13.5	854.823	NA	NA	NA	1
13.5	3271.603	0	1	1	0
14	5475.283	1	1	1	0
14	4577.312	NA	NA	NA	1
14	1038.505	NA	NA	NA	1
14	3090.799	0	1	1	0
14	2289.528	NA	NA	NA	1
14	4144.091	0	1	1	0
12	1154.93	NA	NA	NA	1
11.5	2460.297	1	1	1	0
11.5	2905.955	0	1	1	0
12	3175.299	0	1	1	0
12	3095.605	0	1	1	0
12.5	580.04	NA	NA	NA	1
12.5	3334.317	1	1	1	0
12.5	3046.357	1	1	1	0
12.5	1743.446	0	1	1	0
12.5	1136.261	NA	NA	NA	1
12.5	3902.949	1	1	1	0
12.5	3764.607	1	1	1	0
12.5	3790.195	0	1	1	0
12.5	4717.45	1	1	1	0
11	1328.129	0	1	1	0
11	4233.424	1	1	1	0
11	1112.707	0	1	1	0
11	3744.459	1	1	1	0
11.5	3661.015	1	1	1	0
11.5	3877.335	0	1	1	0
11.5	1260.318	NA	NA	NA	1
11.5	3042.211	1	1	1	0
10	1152.791	NA	NA	NA	1
10	2490.453	1	1	1	0
10	824.562	1	1	1	0
10	4078.789	1	1	1	0
10	3113.772	1	1	1	0
10	3489.401	0	1	1	0
10	3461.173	1	1	1	0
10	3586.814	1	1	1	0
10	2919.079	0	1	1	0
10	1051.84	1	1	1	0
10	2552.507	1	1	1	0
10	3838.386	0	0	0	0
10	4037.595	0	1	1	0
10	4406.86	0	0	0	0
10	1308.166	1	1	1	0
10	2850.66	0	0	0	0
10	4078.313	0	0	0	0
10	2649.735	0	1	1	0
10.5	3278.653	0	1	1	0
10.5	1207.822	1	1	1	0
10.5	4323.126	0	0	0	0
10.5	3494.26	0	1	1	0
10.5	2814.933	0	1	1	0
10.5	2432.465	0	1	1	0
10.5	1678.408	NA	NA	NA	1
10.5	2168.112	NA	NA	NA	1
10.5	5012.672	0	0	0	0
10.5	3128.19	0	1	1	0
10.5	4269.97	0	1	1	0
10.5	3604.638	0	1	1	0
10.5	1746.008	1	1	1	0
10.5	3251.983	0	0	0	0
11	4926.588	0	1	1	0
11	1392.956	1	1	1	0
11	4009.631	0	1	1	0
11	2504.052	0	1	1	0
8.5	1375.977	1	0	1	0
8.5	3985.205	1	0	1	0
8.5	3829.725	1	0	1	0
8.5	4194.211	0	0	0	0
9	3377.861	0	1	1	0
9	3630.041	0	0	0	0
9	1139.298	1	0	1	0
9	3033.55	0	1	1	0
9	3620.218	0	0	0	0
9	4698.649	0	0	0	0
9	3412.137	0	0	0	0
9	4912.329	0	0	0	0
9	3496.003	0	0	0	0
9.5	887.91	NA	NA	NA	1
9	3369.755	0	0	0	0
9	4884.919	0	0	0	0
9	4163.262	0	0	0	0
9.5	1702.754	NA	NA	NA	1
9.5	3184.647	0	0	0	0
9.5	3415.833	1	0	1	0
9.5	2636.004	0	1	1	0
9.5	703.198	1	1	1	0
9.5	4670.579	0	1	1	0
9.5	3035.372	1	0	1	0
9.5	2668.721	0	0	0	0
9.5	2285.091	0	0	0	0
9.5	3617.181	0	0	0	0
9.5	3822.411	0	0	0	0
9.5	1286.011	1	1	1	0
9.5	4267.778	0	0	0	0
9.5	3161.885	0	0	0	0
9.5	5213.333	0	0	0	0
9.5	3660.54	0	1	1	0
9.5	3599.991	0	0	0	0
9.5	4660.624	0	0	0	0
8	1491.399	1	0	1	0
7.5	4179.713	0	0	0	0
7.5	2876.67	0	0	0	0
7.5	4191.728	0	0	0	0
7.5	1502.595	1	0	1	0
7.5	3398.484	0	0	0	0
8	3375.722	0	0	0	0
8	3031.49	0	0	0	0
8	4358.378	0	0	0	0
7.5	1150.177	1	0	1	0
8	2746.857	0	0	0	0
8	3864.502	0	0	0	0
8	2940.732	0	0	0	0
9.5	1202.488	1	1	1	0
6.5	1039.297	1	0	1	0
6.5	2679.284	0	0	0	0
6.5	2922.908	0	0	0	0
6.5	2884.091	0	0	0	0
6.5	4038.625	0	0	0	0
6.5	4801.739	0	0	0	0
6.5	4196.957	0	0	0	0
6.5	3804.085	0	0	0	0
6.5	2247.806	0	0	0	0
6.5	1347.353	1	0	1	0
6.5	2728.532	0	0	0	0
6.5	3582.008	0	0	0	0
6.5	3298.326	0	0	0	0
6.5	3160.406	0	0	0	0
6.5	3182.033	0	0	0	0
6.5	2926.552	0	0	0	0
7	3167.668	0	0	0	0
7	2431.276	0	0	0	0
7	617.985	1	0	1	0
7	2168.719	0	0	0	0
7	2723.646	0	0	0	0
7	2134.787	0	0	0	0
7	3862.759	0	0	0	0
7	2898.931	0	0	0	0
7	2275.744	0	0	0	0
7	1034.782	0	0	0	0
6.5	3290.72	0	0	0	0
7.5	3258.848	0	0	0	0
7.5	3178.52	0	0	0	0
7.5	2413.294	0	0	0	0
7.5	1444.66	0	0	0	0
8.5	3801.021	0	0	0	0
8.5	4035.139	0	0	0	0
9.5	4622.757	0	0	0	0
7	4498.912	0	0	0	0
6.5	1299.769	0	0	0	0
6.5	2211.127	0	0	0	0
6.5	3152.748	0	0	0	0
6.5	4893.026	0	0	0	0
6.5	4277.839	0	0	0	0
6.5	4197.194	0	0	0	0
6.5	4285.761	0	0	0	0
6.5	3862.944	0	0	0	0
6.5	1005.392	0	0	0	0
6.5	2139.118	0	0	0	0
6.5	2651.161	0	0	0	0
6.5	3357.634	0	0	0	0
6.5	2415.089	0	0	0	0
6.5	1412.84	0	0	0	0
6.5	5396.091	0	0	0	0
6.5	4823.682	0	0	0	0
6.5	5447.53	0	0	0	0
6.5	991.502	0	0	0	0
6.5	2898.007	0	0	0	0
6.5	3431.228	0	0	0	0
6.5	3844.037	0	0	0	0
6.5	2037.612	0	0	0	0
6.5	3788.188	0	0	0	0
6.5	4508.101	0	0	0	0
6.5	3742.373	0	0	0	0
6	1051.761	0	0	0	0
6	3804.084	0	0	0	0
6	4442.323	0	0	0	0
6	1542.151	0	0	0	0
6	4032.366	0	0	0	0
6	1980.574	0	0	0	0
6	2888.949	0	0	0	0
6	974.945	0	0	0	0
6	2422.641	0	0	0	0
6	1178.088	0	0	0	0
6	2380.682	0	0	0	0
6	3405.693	0	0	0	0
6	821.657	0	0	0	0
6	4033.66	0	0	0	0
6	3649.185	0	0	0	0
6	4383.781	0	0	0	0
6	4122.887	0	0	0	0
6	4053.518	0	0	0	0
6	3810.924	0	0	0	0
6	3849.873	0	0	0	0
6	3750.084	0	0	0	0
6	909.22	0	0	0	0
6	5184.498	0	0	0	0
6	2535.449	0	0	0	0
6	3210.683	0	0	0	0
6	2720.715	0	0	0	0
6	4860.73	0	0	0	0
5.5	945.713	0	0	0	0
5.5	1986.437	0	0	0	0
5.5	4184.255	0	0	0	0
5.5	3554.308	0	0	0	0
5.5	3066.98	0	0	0	0
5.5	3137.723	0	0	0	0
5.5	4304.325	0	0	0	0
5.5	2920.822	0	0	0	0
5.5	3311.397	0	0	0	0
5.5	706.394	0	0	0	0
5.5	3219.397	0	0	0	0
5.5	5863.667	0	0	0	0
5.5	4189.299	0	0	0	0
5.5	2785.12	0	0	0	0
5.5	5632.269	0	0	0	0
5.5	4964.454	0	0	0	0
5.5	1096.308	0	0	0	0
5.5	2088.365	0	0	0	0
5.5	2753.142	0	0	0	0
5.5	2885.358	0	0	0	0
5.5	3136.112	0	0	0	0
5.5	3917.948	0	0	0	0
5.5	5775.443	0	0	0	0
5.5	3526.793	0	0	0	0
5.5	744.868	0	0	0	0
5.5	3308.73	0	0	0	0
5.5	3225.999	0	0	0	0
5.5	2778.281	0	0	0	0
5.5	3143.955	0	0	0	0
5.5	4189.405	0	0	0	0
6	4346.073	0	0	0	0
6	4185.285	0	0	0	0
6	4087.107	0	0	0	0
6	966.654	0	0	0	0
6	3615.782	0	0	0	0
6	2671.309	0	0	0	0
6	2653.617	0	0	0	0
6	4831.129	0	0	0	0
6	1901.461	0	0	0	0
6	1882.713	0	0	0	0
5.5	620.072	0	0	0	0
5.5	3204.135	0	0	0	0
5.5	2841.577	0	0	0	0
5.5	2323.671	0	0	0	0
5.5	2703.842	0	0	0	0
5.5	1161.981	0	0	0	0
5.5	2923.093	0	0	0	0
5.5	2426.708	0	0	0	0
5.5	3336.377	0	0	0	0
5.5	3724.602	0	0	0	0
5.5	3275.431	0	0	0	0
5.5	4361.415	0	0	0	0
5.5	1295.253	0	0	0	0
5.5	4872.059	0	0	0	0
6.5	3638.755	0	0	0	0
6.5	449.302	0	0	0	0
6.5	2972.869	0	0	0	0
6.5	4229.463	0	0	0	0
